010200000000000000100000000000000004
010200000000000000100000000000000008
010200000000000000100000000000004000
010200000000000000100000000000000400
010200000000000000100000000000000800
010200000000000000100000000000010000
010200000000000000100000000000400000
010200000000000000100000000000800000
010200000000000000100000000000020000
010200000000000000100000000000040000
010200000000000000100000000000080000
010200000000000000100000000040000000
010200000000000000100000000004000000
010200000000000000100000000008000000
010200000000000000010000000000002000
010200000000000000010000000000000200
010200000000000000010000000000000040
010200000000000000010000000000004000
010200000000000000010000000000000400
010200000000000000010000000000000080
010200000000000000010000000000008000
010200000000000000010000000000000800
010200000000000000010000000000100000
010200000000000000010000000010000000
010200000000000000010000000001000000
010200000000000000010000000000200000
010200000000000000010000000000020000
010200000000000000010000000020000000
010200000000000000010000000002000000
010200000000000000010000000000400000
010200000000000000010000000000040000
010200000000000000010000000040000000
010200000000000000010000000004000000
010200000000000000010000000000800000
010200000000000000010000000000080000
010200000000000000010000000080000000
010200000000000000010000000008000000
010200000000000000020000000000000040
010200000000000000020000000000000080
010200000000000000020000000000004000
010200000000000000020000000000000400
010200000000000000020000000000000800
010200000000000000020000000000100000
010200000000000000020000000000010000
010200000000000000020000000000400000
010200000000000000020000000000800000
010200000000000000020000000000040000
010200000000000000020000000000080000
010200000000000000020000000040000000
010200000000000000020000000004000000
010200000000000000020000000008000000
