010200000000000000030000000000008000
010200000000000100040000004000000000
010200000000000000280000000008000000
010200000000000000020000000004000000
010200000000000000050000000000002000
010200000000000100100000000000000400
010200000000000101000000000000000008
010200000000001000800000000000001000
010200000000000180000000000000000002
010200000000000100020000000800000000
010200000000000000100000000000000008
010200000000000000010000000000800000
010200000000000000500000000080000000
010200000000000140000000000000000008
010200000000000108000000000000002000
010200000000000104000000000200000000
010200000000000100020000002000000000
010200000000000000240000000080000000
010200000000000000240000000004000000
010200000000001000800000000000000001
010200000000000000110000000004000000
010200000000000000600000000020000000
010200000000000200800000000000004000
010200000000000100100000000000004000
010200000000000100100000000080000000
010200000000000100400000000002000000
010200000000000100400000000000800000
010200000000000101000000000000800000
010200000000000100800000000080000000
010200000000000100100000000004000000
010200000000000100400000080000000000
010200000000000110000000001000000000
010200000000000100800000000000000400
010200000000000000100000000000000800
010200000000000000500000000000010000
010200000000000000140000000000080000
010200000000000200800000000004000000
010200000000000100040000000000800000
010200000000000100040000080000000000
010200000000000020040000000000020000
010200000000000000020000000000000000
010200000000001008000000000400000000
010200000000000100800000200000000000
010200000000000140000000008000000000
010200000000000108000000400000000000
010200000000000000010000000000200000
010200000000000101000000200000000000
010200000000000200100000004000000000
010200000000000000110000000020000000
010200000000000208000000400000000000
010200000000000208000000000040000000
010200000000000002040000000000008000
010200000000000108000000000000000002
010200000000000000140000000000800000
010200000000000108000000000400000000
010200000000000002400000000000000001
010200000000000140000000000080000000
010200000000000208000000000800000000
010200000000000180000000008000000000
010200000000000140000000002000000000
010200000000000100020000400000000000
010200000000000000240000000008000000
010200000000000000100000000000000004
010200000000000001800000000000080000
010200000000000110000000000400000000
010200000000000100800000400000000000
010200000000000200800000000000002000
010200000000000120000000001000000000
010200000000000140000000000000800000
010200000000000100200000000400000000
010200000000000000180000000010000000
010200000000000104000000000000000002
010200000000000100100000000000002000
010200000000000100100000010000000000
010200000000000100200000040000000000
010200000000001008000000000000000002
010200000000000208000000000000400000
010200000000000100040000000080000000
010200000000000000090000000000000200
010200000000000001800000000000100000
010200000000000200800000080000000000
010200000000000000180000000000020000
010200000000000101000000000020000000
010200000000000000100000000000080000
010200000000000000110000000040000000
010200000000000000030000000000800000
010200000000000100200000000800000000
010200000000000100100000000800000000
010200000000000108000000100000000000
010200000000000000030000000000100000
010200000000000200100000000800000000
010200000000000001040000000020000000
010200000000000200040000020000000000
010200000000000100020000000000000040
010200000000000100800000000002000000
010200000000000000180000000002000000
010200000000000200800000001000000000
010200000000000000110000000008000000
010200000000000200800000002000000000
010200000000000000180000000040000000
010200000000000100400000000000000200
010200000000000140000000000000000100
010200000000000000500000000000080000
010200000000000002040000000080000000
010200000000000120000000004000000000
010200000000000104000000000000001000
010200000000000000600000000000100000
010200000000000100800000000000004000
010200000000000100080000010000000000
010200000000000000110000000000004000
010200000000000000110000000000200000
010200000000000000600000000000020000
010200000000000000010000000000002000
010200000000000100200000000000008000
010200000000000000030000000080000000
010200000000000104000000001000000000
010200000000000002040000000000010000
010200000000000000020000000000800000
010200000000000000050000000080000000
010200000000000200800000000000000001
010200000000000108000000000000000040
010200000000000002040000000020000000
010200000000000000020000000000000800
010200000000000120000000400000000000
010200000000000100040000010000000000
010200000000000120000000000000000800
010200000000000000280000000080000000
010200000000000001080000000004000000
010200000000000200100000000004000000
010200000000000000010000000010000000
010200000000000100080000000000004000
010200000000000101000000000000000002
010200000000000110000000000000000080
010200000000000140000000000000000002
010200000000000000180000000000010000
010200000000000001800000000000040000
010200000000000200100000000000000800
010200000000001008000000000000000004
010200000000000100100000004000000000
010200000000000000110000000010000000
010200000000000208000000008000000000
010200000000000000210000000000040000
010200000000000104000000000000002000
010200000000000000060000000000200000
010200000000000100400000000080000000
010200000000000000090000000000200000
010200000000000140000000000000000020
010200000000000000120000000000040000
010200000000000100800000010000000000
010200000000000000030000000010000000
010200000000000140000000004000000000
010200000000000100020000000080000000
010200000000000000140000000000000800
010200000000000000090000000000020000
010200000000000000210000000000004000
010200000000000208000000040000000000
010200000000000108000000000002000000
010200000000000100800000002000000000
010200000000000100400000000000000800
010200000000000120000000000000000040
010200000000000100200000008000000000
010200000000000110000000004000000000
010200000000000120000000000000400000
010200000000000100100000080000000000
010200000000000000140000000040000000
010200000000000100200000000000000400
010200000000000100200000000000000800
010200000000000208000000000100000000
010200000000000100040000002000000000
010200000000000101000000000000000004
010200000000000100100000040000000000
010200000000000000240000000000020000
010200000000000140000000000200000000
010200000000000000030000000000080000
010200000000000200040000100000000000
010200000000000108000000000000000010
010200000000000101000000000040000000
010200000000000000140000000000008000
010200000000000120000000000008000000
010200000000000100080000001000000000
010200000000000000120000000000000800
010200000000000140000000000400000000
010200000000000002400000000000080000
010200000000000000280000000000040000
010200000000000108000000000000800000
010200000000000000010000000020000000
010200000000000100800000000020000000
010200000000000140000000000800000000
010200000000000110000000000000000040
010200000000000000900000000000010000
010200000000000100100000000000800000
010200000000000000100000000000040000
010200000000000000180000000000400000
010200000000000104000000020000000000
010200000000000000280000000000800000
010200000000000000110000000000040000
010200000000000000210000000000020000
010200000000000200100000000000000004
010200000000000000020000000000100000
010200000000000000900000000000200000
010200000000000100100000008000000000
010200000000001000800000010000000000
010200000000000000180000000000040000
010200000000000002040000000001000000
010200000000000100200000001000000000
010200000000000002040000000040000000
010200000000000000020000000000080000
010200000000000100080000000000000010
010200000000000180000000000000000020
010200000000000101000000000000004000
010200000000000001080000000000000020
010200000000000200800000000000000400
010200000000000101000000020000000000
010200000000000100400000200000000000
010200000000000140000000200000000000
010200000000000104000000200000000000
010200000000000000100000000000000000
010200000000000100100000000000400000
010200000000000108000000000040000000
010200000000000100800000004000000000
010200000000000001800000000000010000
010200000000000120000000000400000000
010200000000000200800000000000001000
010200000000000001040000000000000020
010200000000000100800000000000002000
010200000000000000210000000000800000
010200000000000000100000000000000400
010200000000000000100000000004000000
010200000000000000010000000040000000
010200000000001000800000000000002000
010200000000000000500000000040000000
010200000000000002400000000000800000
010200000000000120000000000200000000
010200000000000100100000000000000200
010200000000000100800000000004000000
010200000000000001800000000000020000
010200000000000200800000000008000000
010200000000000000100000000000004000
010200000000000100040000000004000000
010200000000000000600000000000000100
010200000000000100800000000000001000
010200000000000104000000008000000000
010200000000000002040000000000200000
010200000000000000030000000020000000
010200000000000101000000002000000000
010200000000000001080000000000040000
010200000000000100040000800000000000
010200000000000120000000000000800000
010200000000000200040000000000000010
010200000000000110000000000000000020
010200000000000100040000000000008000
010200000000000180000000000000000100
010200000000000200040000200000000000
010200000000000100200000000200000000
010200000000000000030000000001000000
010200000000000104000000002000000000
010200000000001008000000008000000000
010200000000000200800000000080000000
010200000000000100100000000040000000
010200000000000000010000000000400000
010200000000000100400000000040000000
010200000000000020040000000000000010
010200000000000001080000000040000000
010200000000000001080000000020000000
010200000000000100800000000200000000
010200000000000002080000000000000010
010200000000000000500000000000040000
010200000000000000030000000000000080
010200000000000000180000000020000000
010200000000001008000000000800000000
010200000000000000090000000000002000
010200000000000100020000010000000000
010200000000000120000000000000000004
010200000000001000800000200000000000
010200000000000100040000400000000000
010200000000000200040000000000000020
010200000000000100020000040000000000
010200000000000000120000000000080000
010200000000001008000000000000000001
010200000000000100800000000000000100
010200000000001000800000000100000000
010200000000000101000000008000000000
010200000000000000500000000000200000
010200000000000002400000000000010000
010200000000000000110000000000002000
010200000000000200800000000800000000
010200000000000000030000000000000040
010200000000000000900000000000020000
010200000000000208000000000000000040
010200000000000000120000000004000000
010200000000000000110000000000008000
010200000000000108000000010000000000
010200000000000104000000000000000080
010200000000000100020000000000800000
010200000000000000280000000000020000
010200000000000000280000000020000000
010200000000000100040000200000000000
010200000000000120000000000000000400
010200000000000200040000001000000000
010200000000000000280000000004000000
010200000000000120000000000004000000
010200000000000000010000000000000040
010200000000000000090000000000100000
010200000000000100800000080000000000
010200000000000000010000000000000080
010200000000000000280000000000000400
010200000000000108000000000020000000
010200000000000000280000000000400000
010200000000000100040000100000000000
010200000000000200800000020000000000
010200000000000108000000002000000000
010200000000000000240000000000080000
010200000000000000210000000000400000
010200000000000000050000000004000000
010200000000000240000000000400000000
010200000000000001080000000000010000
010200000000000200800000000040000000
010200000000000100100000200000000000
010200000000000000500000000020000000
010200000000000000030000000000400000
010200000000000100100000000002000000
010200000000000100800000040000000000
010200000000000000180000000080000000
010200000000000101000000000000008000
010200000000001000800000000000000100
010200000000000100400000000008000000
010200000000000000280000000000010000
010200000000000000280000000010000000
010200000000000000140000000020000000
010200000000000000600000000002000000
010200000000000002040000000000800000
010200000000001008000000000000000040
010200000000000000020000000000004000
010200000000000000140000000000010000
010200000000001000800000000000000002
010200000000000108000000000080000000
010200000000000120000000000002000000
010200000000000100100000000400000000
010200000000000200800000000010000000
010200000000000100200000000000000100
010200000000000002080000000040000000
010200000000000000050000000008000000
010200000000000001040000000000800000
010200000000000000280000000000100000
010200000000000000010000000008000000
010200000000000000060000000020000000
010200000000000108000000000004000000
010200000000000200800000004000000000
010200000000000000050000000020000000
010200000000000200100000000000800000
010200000000000000180000000000000400
010200000000000140000000001000000000
010200000000000180000000000400000000
010200000000001000800000020000000000
010200000000000000010000000000000400
010200000000000000180000000000000200
010200000000000000010000000004000000
010200000000000100080000020000000000
010200000000000002080000000000004000
010200000000000100400000000000000002
010200000000000108000000800000000000
010200000000000100020000000000000080
010200000000000000140000000000002000
010200000000000100200000004000000000
010200000000000100800000001000000000
010200000000000101000000800000000000
010200000000000000140000000008000000
010200000000000100020000000000000400
010200000000000000240000000000100000
010200000000000000120000000000400000
010200000000000101000000000000000080
010200000000000100800000000008000000
010200000000000000140000000000020000
010200000000000100400000008000000000
010200000000000100020000100000000000
010200000000000100040000000200000000
010200000000000108000000020000000000
010200000000000000240000000001000000
010200000000000000240000000002000000
010200000000000000020000000040000000
010200000000000000600000000000001000
010200000000000110000000000000000004
010200000000000000500000000000020000
010200000000000000140000000002000000
010200000000000000180000000001000000
010200000000000000900000000020000000
010200000000000101000000040000000000
010200000000000108000000000000400000
010200000000000002080000000004000000
010200000000000200800000400000000000
010200000000000100020000000000001000
010200000000000000240000000000800000
010200000000000000180000000000200000
010200000000000100400000000200000000
010200000000000101000000000002000000
010200000000000000240000000040000000
010200000000000000050000000040000000
010200000000000100020000008000000000
010200000000000000010000000001000000
010200000000000100100000000000008000
010200000000000000110000000000000800
010200000000000001040000000000200000
010200000000000001080000000080000000
010200000000000000050000000000080000
010200000000000100400000000400000000
010200000000000000090000000020000000
010200000000000140000000800000000000
010200000000000000060000000000001000
010200000000000100080000000000000400
010200000000000000030000000040000000
010200000000000100400000000000002000
010200000000000200100000000040000000
010200000000000100400000800000000000
010200000000000000900000000000002000
010200000000000002040000000000400000
010200000000000020040000000000010000
010200000000000200040000000100000000
010200000000000000050000000000000200
010200000000000100100000002000000000
010200000000000100800000000800000000
010200000000000100100000400000000000
010200000000000100040000000008000000
010200000000000000120000000000800000
010200000000000020040000000000800000
010200000000000000240000000000001000
010200000000000200800000800000000000
010200000000000108000000004000000000
010200000000000100020000001000000000
010200000000000000240000000020000000
010200000000000140000000040000000000
010200000000000000060000000000100000
010200000000000000050000000000200000
010200000000000100020000020000000000
010200000000000180000000000000000004
010200000000000120000000100000000000
010200000000000000900000000001000000
010200000000000020040000000000080000
010200000000000000120000000008000000
010200000000000100100000000200000000
010200000000000000060000000001000000
010200000000000100040000000000000020
010200000000000110000000000200000000
010200000000000000010000000000100000
010200000000000100800000000400000000
010200000000000108000000000200000000
010200000000000000240000000000400000
010200000000000140000000020000000000
010200000000000000050000000010000000
010200000000000000110000000002000000
010200000000000000210000000000100000
010200000000000100400000040000000000
010200000000000020040000000000100000
010200000000000000060000000002000000
010200000000000100800000000040000000
010200000000000100800000800000000000
010200000000000000140000000001000000
010200000000000200100000400000000000
010200000000000200100000000100000000
010200000000000180000000004000000000
010200000000000108000000000000000004
010200000000000200040000000000001000
010200000000000100040000001000000000
010200000000000101000000000080000000
010200000000000000010000000000000000
010200000000000240000000000800000000
010200000000000110000000000000000800
010200000000000000110000000000080000
010200000000000000000000000000000000
010200000000000100020000000004000000
010200000000000000240000000000000100
010200000000000100800000000000000002
010200000000000200100000008000000000
010200000000000002400000000000100000
010200000000000000050000000000400000
010200000000000100200000000000000008
010200000000000101000000400000000000
010200000000000100800000000000000200
010200000000000002400000000000020000
010200000000000000120000000000000400
010200000000000108000000001000000000
010200000000000000280000000001000000
010200000000000200800000000400000000
010200000000000104000000000000000008
010200000000000002080000000000400000
010200000000000000100000000000010000
010200000000000100200000000000001000
010200000000000100020000000000008000
010200000000000180000000000000000040
010200000000000001080000000002000000
010200000000000000140000000004000000
010200000000000100100000800000000000
010200000000000110000000000000000400
010200000000000100200000000000004000
010200000000000100200000080000000000
010200000000000200040000000000000800
010200000000000108000000000000001000
010200000000000240000000008000000000
010200000000000100100000000000000800
010200000000000000140000000000200000
010200000000000000500000000000008000
010200000000000120000000010000000000
010200000000000100100000100000000000
010200000000000100400000000004000000
010200000000000200040000000000000200
010200000000000140000000000008000000
010200000000000240000000000000000080
010200000000000000110000000000000400
010200000000000100020000000008000000
010200000000000000240000000000010000
010200000000000140000000000000000010
010200000000000180000000002000000000
010200000000000108000000000000000020
010200000000000100100000000008000000
010200000000000002080000000000040000
010200000000000208000000000000000001
010200000000000200100000000008000000
010200000000000100400000100000000000
010200000000000001800000000000000002
010200000000000100400000000020000000
010200000000000000140000000080000000
010200000000000100080000000000002000
010200000000000000010000000000008000
010200000000000180000000000200000000
010200000000000002040000000000020000
010200000000000100800000000000400000
010200000000000104000000000000000020
010200000000000100400000001000000000
010200000000000120000000000000000008
010200000000000000280000000000004000
010200000000000000240000000000008000
010200000000000140000000100000000000
010200000000000000060000000000000100
010200000000000200800000200000000000
010200000000000100020000000400000000
010200000000000000030000000008000000
010200000000000000500000000004000000
010200000000000000010000000002000000
010200000000001000800000002000000000
010200000000000101000000000200000000
010200000000000208000000000400000000
010200000000000000180000000004000000
010200000000000000500000000001000000
010200000000000120000000000000000010
010200000000000180000000000800000000
010200000000000002040000000010000000
010200000000000240000000001000000000
010200000000000000180000000000800000
010200000000000000280000000040000000
010200000000000110000000000800000000
010200000000000000010000000000040000
010200000000000100080000000000001000
010200000000000000600000000001000000
010200000000000104000000000000000010
010200000000000101000000000000000020
010200000000000000180000000000002000
010200000000000101000000000000000040
010200000000000100020000000000004000
010200000000000000500000000000002000
010200000000000000280000000000000100
010200000000000000500000000000000800
010200000000000000060000000010000000
010200000000000100200000400000000000
010200000000000200100000000000004000
010200000000000000100000000008000000
010200000000000000050000000000100000
010200000000000000020000000000010000
010200000000000101000000004000000000
010200000000000100040000000000000010
010200000000000100040000000000001000
010200000000000200100000080000000000
010200000000000100020000000000000100
010200000000000100800000020000000000
010200000000000120000000040000000000
010200000000000000020000000000000400
010200000000000140000000000020000000
010200000000000000030000000000000800
010200000000001000800000000000004000
010200000000000000120000000000010000
010200000000000100020000000000400000
010200000000000104000000000800000000
010200000000000200040000000000008000
010200000000000001040000000000010000
010200000000000104000000010000000000
010200000000000000110000000080000000
010200000000000100080000000000000020
010200000000000200800000010000000000
010200000000000000100000000000020000
010200000000000200100000000000000400
010200000000000002080000000008000000
010200000000000100020000200000000000
010200000000000100080000200000000000
010200000000000100400000020000000000
010200000000000100020000800000000000
010200000000000140000000000000400000
010200000000000200100000000000000008
010200000000000100100000000020000000
010200000000000100040000000000000200
010200000000000200100000000000400000
010200000000000002040000000000100000
010200000000000000020000000000000040
010200000000000002040000000000080000
010200000000000100080000000200000000
010200000000000000210000000008000000
010200000000000108000000200000000000
010200000000000200040000000000000100
010200000000000000030000000000200000
010200000000000120000000080000000000
010200000000000100100000000000000004
010200000000000000140000000000400000
010200000000000240000000000000000001
010200000000000108000000000800000000
010200000000000000180000000000004000
010200000000000208000000000004000000
010200000000000000110000000000400000
010200000000000000900000000000000200
010200000000000002040000000008000000
010200000000000001040000000000100000
010200000000000000600000000000010000
010200000000000000100000000000400000
010200000000000120000000002000000000
010200000000001000800000000200000000
010200000000000000030000000000000400
010200000000000000100000000040000000
010200000000000000050000000001000000
010200000000000200040000000000002000
010200000000000000010000000000020000
010200000000000208000000000000000010
010200000000000100100000020000000000
010200000000000100080000000000000100
010200000000000140000000000000000200
010200000000000100040000000000002000
010200000000000110000000002000000000
010200000000000100040000000000000100
010200000000000000110000000000800000
010200000000000100400000000800000000
010200000000000100200000000000000004
010200000000000100040000008000000000
010200000000000180000000000000000200
010200000000000100400000000000001000
010200000000000208000000000000000004
010200000000000000140000000000000200
010200000000000000090000000010000000
010200000000000100020000000000000800
010200000000000000020000000000000080
010200000000000100040000000002000000
010200000000000101000000000000400000
010200000000000002040000000004000000
010200000000000100400000000000000100
010200000000000001080000000008000000
010200000000000108000000008000000000
010200000000000100040000000020000000
010200000000001000800000000000000200
010200000000000100800000100000000000
010200000000000000210000000000000400
010200000000000000210000000000080000
010200000000000101000000100000000000
010200000000000208000000001000000000
010200000000000000050000000002000000
010200000000000110000000000000000008
010200000000000100040000000800000000
010200000000000000060000000000010000
010200000000000100080000002000000000
010200000000001008000000000200000000
010200000000000100100000000000000008
010200000000000000600000000010000000
010200000000000200800000000100000000
010200000000001000800000000000000400
010200000000000000020000000000040000
010200000000000140000000000004000000
010200000000000100020000004000000000
010200000000000000120000000040000000
010200000000000140000000000002000000
010200000000000101000000000400000000
010200000000000120000000000040000000
010200000000000000030000000000040000
010200000000000100040000000000000800
010200000000000001080000000000004000
010200000000000000140000000010000000
010200000000000208000000004000000000
010200000000000000030000000004000000
010200000000000101000000080000000000
010200000000000200800000000001000000
010200000000000000010000000080000000
010200000000000200800000000000400000
010200000000000100040000000040000000
010200000000000180000000000000000010
010200000000000200040000002000000000
010200000000000001080000000000800000
010200000000000200100000000400000000
010200000000000001040000000000020000
010200000000000000020000000000400000
010200000000000200800000100000000000
010200000000000000240000000000000800
010200000000000000240000000010000000
010200000000000101000000000800000000
010200000000000200800000000000000100
010200000000000180000000001000000000
010200000000000000900000000002000000
010200000000000000120000000000004000
010200000000000100040000040000000000
010200000000000200040000010000000000
010200000000000000010000000000004000
010200000000001000800000100000000000
010200000000000000020000000008000000
010200000000000200100000040000000000
010200000000000100080000000000000200
010200000000000000210000000000000800
010200000000000000050000000000000800
010200000000000108000000040000000000
010200000000000000110000000001000000
010200000000000208000000000000800000
010200000000000000500000000000000200
010200000000000100020000000040000000
010200000000000101000000001000000000
010200000000000002080000000000800000
010200000000000100400000002000000000
010200000000000100080000100000000000
010200000000000000090000000002000000
010200000000000000280000000002000000
010200000000000120000000008000000000
010200000000000100040000000000400000
010200000000000000900000000010000000
010200000000000100020000080000000000
010200000000000101000000000008000000
010200000000000000110000000000000200
010200000000000000180000000008000000
010200000000000000050000000000020000
010200000000000001040000000002000000
010200000000000100400000400000000000
010200000000000001080000000000020000
010200000000000000050000000000800000
010200000000000101000000000004000000
010200000000000120000000000000000080
010200000000000240000000000000000008
010200000000000240000000000100000000
010200000000000000010000000000000200
010200000000000000010000000000000800
010200000000000100400000010000000000
010200000000000002040000000000000010
010200000000000120000000800000000000
010200000000000000030000000000004000
010200000000000001080000000000100000
010200000000000240000000000000000010
010200000000000140000000010000000000
010200000000000002080000000000020000
010200000000000120000000000800000000
010200000000000200800000040000000000
010200000000000140000000080000000000
010200000000000001080000000010000000
010200000000000104000000000400000000
010200000000000000090000000001000000
010200000000000100040000020000000000
010200000000000110000000008000000000
010200000000000120000000000080000000
010200000000000000500000000008000000
010200000000000140000000000000000080
010200000000000000030000000002000000
010200000000001008000000000100000000
010200000000000001080000000000200000
010200000000000000500000000002000000
010200000000000200800000000000000200
010200000000000001040000000000080000
010200000000000000110000000000020000
010200000000000110000000000000000002
010200000000000002400000000000200000
010200000000000000280000000000001000
010200000000000001080000000000400000
010200000000000002080000000000010000
010200000000000000100000000000800000
010200000000000000050000000000008000
010200000000000120000000020000000000
010200000000000000210000000040000000
010200000000000002400000000000040000
010200000000000000210000000004000000
010200000000000000500000000000800000
010200000000000100400000000000008000
010200000000000100020000000002000000
010200000000000100020000000020000000
010200000000000002080000000000100000
010200000000000000500000000010000000
010200000000000000010000000000080000
